     1        0   129600   0.000
     2    12510   129600   0.010
     3    25019   129600   0.020
     4    37528   129600   0.030
     5    50037   129600   0.040
     6    62546   129600   0.050
     7    75055   131021   0.060
     8    87564   131021   0.070
     9   100073   131021   0.080
    10   112582   131021   0.090
    11   125091   131021   0.100
    12   137600   131021   0.110
    13   150109   133160   0.120
    14   162618   133160   0.130
    15   175127   133160   0.140
    16   187636   133160   0.150
    17   200145   133160   0.160
    18   212654   133160   0.170
    19   225163   135456   0.180
    20   237672   135456   0.190
    21   250181   135456   0.200
    22   262690   135456   0.210
    23   275199   135456   0.220
    24   287708   135456   0.230
    25   300217   138016   0.240
    26   312726   138016   0.250
    27   325235   138016   0.260
    28   337744   138016   0.270
    29   350253   138016   0.280
    30   362762   138016   0.290
    31   375271   140720   0.300
    32   387780   140720   0.310
    33   400289   140720   0.320
    34   412798   140720   0.330
    35   425307   140720   0.340
    36   437816   143436   0.350
    37   450325   143436   0.360
    38   462834   143436   0.370
    39   475343   143436   0.380
    40   487852   143436   0.390
    41   500361   143436   0.400
    42   512870   146446   0.410
    43   525379   146446   0.420
    44   537888   146446   0.430
    45   550397   146446   0.440
    46   562906   146446   0.450
    47   575415   146446   0.460
    48   587924   149525   0.470
    49   600433   149525   0.480
    50   612942   149525   0.490
    51   625451   149525   0.500
    52   637960   149525   0.510
    53   650469   149525   0.520
    54   662978   152659   0.530
    55   675487   152659   0.540
    56   687996   152659   0.550
    57   700505   152659   0.560
    58   713014   152659   0.570
    59   725523   152659   0.580
    60   738032   155814   0.590
    61   750541   155814   0.600
    62   763050   155814   0.610
    63   775559   155814   0.620
    64   788068   155814   0.630
    65   800577   155814   0.640
    66   813086   158959   0.650
    67   825595   158959   0.660
    68   838104   158959   0.670
    69   850613   158959   0.680
    70   863122   158959   0.690
    71   875631   162335   0.700
    72   888140   162335   0.710
    73   900649   162335   0.720
    74   913158   162335   0.730
    75   925667   162335   0.740
    76   938176   162335   0.750
    77   950685   165512   0.760
    78   963194   165512   0.770
    79   975703   165512   0.780
    80   988212   165512   0.790
    81  1000721   165512   0.800
    82  1013230   165512   0.810
    83  1025739   168974   0.820
    84  1038248   168974   0.830
    85  1050757   168974   0.840
    86  1063266   168974   0.850
    87  1075775   168974   0.860
    88  1088284   168974   0.870
    89  1100793   172428   0.880
    90  1113302   172428   0.890
    91  1125811   172428   0.900
    92  1138320   172428   0.910
    93  1150829   172428   0.920
    94  1163338   172428   0.930
    95  1175847   175691   0.940
    96  1188356   175691   0.950
    97  1200865   175691   0.960
    98  1213374   175691   0.970
    99  1225883   175691   0.980
   100  1238392   175691   0.990
   101  1250901   179124   1.000
   102  1263410   179124   1.010
   103  1275919   179124   1.020
   104  1288428   179124   1.030
   105  1300937   179124   1.040
   106  1313446   182361   1.050
   107  1325955   182361   1.060
   108  1338464   182361   1.070
   109  1350973   182361   1.080
   110  1363482   182361   1.090
   111  1375991   182361   1.100
   112  1388500   185919   1.110
   113  1401009   185919   1.120
   114  1413518   185919   1.130
   115  1426027   185919   1.140
   116  1438536   185919   1.150
   117  1451045   185919   1.160
   118  1463554   189333   1.170
   119  1476063   189333   1.180
   120  1488572   189333   1.190
   121  1501081   189333   1.200
   122  1513590   189333   1.210
   123  1526099   189333   1.220
   124  1538608   192467   1.230
   125  1551117   192467   1.240
   126  1563626   192467   1.250
   127  1576135   192467   1.260
   128  1588644   192467   1.270
   129  1601153   192467   1.280
   130  1613662   195975   1.290
   131  1626171   195975   1.300
   132  1638680   195975   1.310
   133  1651189   195975   1.320
   134  1663698   195975   1.330
   135  1676207   195975   1.340
   136  1688716   199310   1.350
   137  1701225   199310   1.360
   138  1713734   199310   1.370
   139  1726243   199310   1.380
   140  1738752   199310   1.390
   141  1751261   202775   1.400
   142  1763770   202775   1.410
   143  1776279   202775   1.420
   144  1788788   202775   1.430
   145  1801297   202775   1.440
   146  1813806   202775   1.450
   147  1826315   206272   1.460
   148  1838824   206272   1.470
   149  1851333   206272   1.480
   150  1863842   206272   1.490
   151  1876351   206272   1.500
   152  1888860   206272   1.510
   153  1901369   209560   1.520
   154  1913878   209560   1.530
   155  1926387   209560   1.540
   156  1938896   209560   1.550
   157  1951405   209560   1.560
   158  1963914   209560   1.570
   159  1976423   213293   1.580
   160  1988932   213293   1.590
   161  2001441   213293   1.600
   162  2013950   213293   1.610
   163  2026459   213293   1.620
   164  2038968   213293   1.630
   165  2051477   216489   1.640
   166  2063986   216489   1.650
   167  2076495   216489   1.660
   168  2089004   216489   1.670
   169  2101513   216489   1.680
   170  2114022   216489   1.690
   171  2126531   220276   1.700
   172  2139040   220276   1.710
   173  2151549   220276   1.720
   174  2164058   220276   1.730
   175  2176567   220276   1.740
   176  2189076   223778   1.750
   177  2201585   223778   1.760
   178  2214094   223778   1.770
   179  2226603   223778   1.780
   180  2239112   223778   1.790
   181  2251621   223778   1.800
   182  2264130   227227   1.810
   183  2276639   227227   1.820
   184  2289148   227227   1.830
   185  2301657   227227   1.840
   186  2314166   227227   1.850
   187  2326675   227227   1.860
   188  2339184   230914   1.870
   189  2351693   230914   1.880
   190  2364202   230914   1.890
   191  2376711   230914   1.900
   192  2389220   230914   1.910
   193  2401729   230914   1.920
   194  2414238   234462   1.930
   195  2426747   234462   1.940
   196  2439256   234462   1.950
   197  2451765   234462   1.960
   198  2464274   234462   1.970
   199  2476783   234462   1.980
   200  2489292   238029   1.990
   201  2501801   238029   2.000
   202  2514310   238029   2.010
   203  2526819   238029   2.020
   204  2539328   238029   2.030
   205  2551837   238029   2.040
   206  2564346   241573   2.050
   207  2576855   241573   2.060
   208  2589364   241573   2.070
   209  2601873   241573   2.080
   210  2614382   241573   2.090
   211  2626891   245072   2.100
   212  2639400   245072   2.110
   213  2651909   245072   2.120
   214  2664418   245072   2.130
   215  2676927   245072   2.140
   216  2689436   245072   2.150
   217  2701945   248766   2.160
   218  2714454   248766   2.170
   219  2726963   248766   2.180
   220  2739472   248766   2.190
   221  2751981   248766   2.200
   222  2764490   248766   2.210
   223  2776999   252142   2.220
   224  2789508   252142   2.230
   225  2802017   252142   2.240
   226  2814526   252142   2.250
   227  2827035   252142   2.260
   228  2839544   252142   2.270
   229  2852053   255741   2.280
   230  2864562   255741   2.290
   231  2877071   255741   2.300
   232  2889580   255741   2.310
   233  2902089   255741   2.320
   234  2914598   255741   2.330
   235  2927107   259274   2.340
   236  2939616   259274   2.350
   237  2952125   259274   2.360
   238  2964634   259274   2.370
   239  2977143   259274   2.380
   240  2989652   259274   2.390
   241  3002161   262657   2.400
   242  3014670   262657   2.410
   243  3027179   262657   2.420
   244  3039688   262657   2.430
   245  3052197   262657   2.440
   246  3064706   266318   2.450
   247  3077215   266318   2.460
   248  3089724   266318   2.470
   249  3102233   266318   2.480
   250  3114742   266318   2.490
   251  3127251   266318   2.500
